1.75
1.47
1.46
1.45
1.43
1.44
1.43
1.43
1.42
1.42
1.42
1.41
1.41
1.40
1.40
1.40
1.39
1.39
1.38
1.38
1.37
1.36
1.37
1.36
1.35
1.35
1.35
1.35
1.34
1.34
1.34
1.34
1.33
1.33
1.33
1.33
1.33
1.33
1.33
1.32
1.32
1.32
1.32
1.32
1.32
1.31
1.32
1.31
1.31
1.31
1.31
1.31
1.31
1.31
1.31
1.31
1.31
1.30
1.30
1.30
1.30
1.30
1.30
1.30
1.30
1.30
1.30
1.30
1.30
1.30
1.30
1.30
1.29
1.29
1.29
1.29
1.29
1.29
1.29
1.29
1.29
1.29
1.29
1.29
1.29
1.28
1.29
1.28
1.28
1.28
1.28
1.29
1.28
1.28
1.29
1.28
1.29
1.29
1.28
1.28
1.28
1.29
1.28
1.28
1.28
1.28
1.28
1.28
1.27
1.28
1.28
1.28
1.28
1.28
1.28
1.28
1.27
1.28
1.28
1.28
1.27
1.27
1.28
1.28
1.27
1.27
1.27
1.27
1.27
1.28
1.27
1.27
1.28
1.27
1.27
1.27
1.27
1.27
1.27
1.27
1.27
1.27
1.27
1.27
1.27
1.27
1.27
1.27
1.27
1.27
1.27
1.27
1.27
1.26
1.26
1.27
1.27
1.27
1.27
1.27
1.27
1.27
1.26
1.27
1.26
1.27
1.27
1.26
1.26
1.26
1.26
1.26
1.26
1.26
1.26
1.26
1.26
1.26
1.26
1.26
1.26
1.26
1.26
1.26
1.26
1.26
1.26
1.26
1.26
1.26
1.26
1.26
1.26
1.26
1.26
1.26
1.26
1.26
1.26
1.26
1.25
1.26
1.26
1.26
1.26
1.26
1.26
1.26
1.26
1.26
1.25
1.25
1.25
1.26
1.25
1.25
1.25
1.26
1.25
1.25
1.25
1.26
1.25
1.25
1.25
1.26
1.26
1.25
1.26
1.26
1.25
1.26
1.25
1.25
1.26
1.25
1.25
1.25
1.25
1.26
1.25
1.25
1.25
1.25
1.25
1.25
1.25
1.25
1.25
1.24
1.25
1.24
1.25
1.25
1.25
1.25
1.25
1.25
1.24
1.25
1.24
1.25
1.25
1.25
1.24
1.25
1.25
1.25
1.25
1.25
1.25
1.25
1.25
1.24
1.25
1.25
1.24
1.25
1.24
1.25
1.25
1.25
1.24
1.25
1.25
1.25
1.24
1.24
1.24
1.25
1.24
1.24
1.25
1.24
1.25
1.24
1.25
1.24
1.25
1.25
1.24
1.24
1.24
1.24
1.24
1.25
1.24
1.24
1.24
1.24
1.24
1.25
1.24
1.24
1.24
1.24
1.24
1.24
1.24
1.25
1.24
1.24
1.24
1.24
1.24
1.24
1.24
1.24
1.24
1.24
1.24
1.24
1.24
1.23
1.24
1.24
1.24
1.23
1.24
1.24
1.24
1.24
1.24
1.24
1.24
1.24
1.24
1.24
1.24
1.23
1.24
1.24
1.24
1.24
1.24
1.24
1.24
1.24
1.24
1.24
1.24
1.24
1.24
1.24
1.24
1.24
1.24
1.24
1.24
1.23
1.24
1.23
1.24
1.23
1.24
1.23
1.24
1.23
1.24
1.23
1.24
1.23
1.24
1.24
1.23
1.24
1.24
1.24
1.24
1.24
1.24
1.24
1.24
1.24
1.24
1.24
1.23
1.24
1.23
1.23
1.24
1.24
1.23
1.24
1.24
1.24
1.23
1.23
1.24
1.24
1.23
1.24
1.23
1.23
1.23
1.23
1.23
1.24
1.24
1.23
1.24
1.23
1.23
1.23
1.24
1.24
1.24
1.23
1.23
1.23
1.23
1.23
1.23
1.23
1.24
1.23
1.23
1.23
1.24
1.24
1.24
1.23
1.23
1.23
1.23
1.23
1.23
1.23
1.23
1.23
1.23
1.23
1.23
1.23
1.23
1.23
1.23
1.24
1.23
1.23
1.23
1.23
1.23
1.22
1.23
1.23
1.23
1.23
1.24
1.23
1.23
1.23
1.23
1.23
1.23
1.23
1.23
1.23
1.24
1.23
1.23
1.23
1.23
1.23
1.23
1.23
1.23
1.23
1.23
1.23
1.24
1.23
1.23
1.22
1.23
1.23
1.23
1.23
1.23
1.23
1.23
1.23
1.23
1.23
1.23
1.22
1.23
1.23
1.23
1.23
1.23
1.22
1.23
1.23
1.22
1.23
1.23
1.22
1.23
1.23
1.22
1.23
1.23
1.23
1.22
1.23
1.22
1.23
1.22
1.23
1.23
1.23
1.23
1.22
1.22
1.23
1.23
1.22
1.23
1.23
1.22
1.23
1.23
1.23
1.23
1.22
1.23
1.23
1.22
1.22
1.22
1.22
1.23
1.22
1.23
1.22
1.23
1.24
1.23
1.23
1.23
1.23
1.22
1.23
1.22
1.22
1.22
1.23
1.23
1.22
1.23
1.23
1.22
1.22
1.22
1.23
1.23
1.23
1.23
1.23
1.22
1.22
1.22
1.22
1.22
1.23
1.23
1.22
1.22
1.22
1.22
1.22
1.22
1.22
1.22
1.22
1.23
1.22
1.22
1.23
1.22
1.23
1.22
1.23
1.22
1.22
1.22
1.23
1.22
1.22
1.22
1.22
1.23
1.22
1.22
1.22
1.22
1.22
1.22
1.22
1.22
1.22
1.22
1.22
1.22
1.22
1.22
1.23
1.22
1.22
1.22
1.22
1.22
1.22
1.22
1.22
1.22
1.22
1.22
1.22
1.22
1.22
1.22
1.22
1.22
1.22
1.23
1.22
1.22
1.22
1.22
1.22
1.22
1.22
1.22
1.22
1.22
1.22
1.22
1.22
1.22
1.22
1.21
1.23
1.22
1.22
1.22
1.22
1.22
1.22
1.22
1.22
1.22
1.23
1.22
1.22
1.22
1.22
1.22
1.22
1.22
1.22
1.22
1.22
1.22
1.22
1.22
1.22
1.22
1.22
1.21
1.22
1.22
1.22
1.22
1.22
1.22
1.22
1.21
1.21
1.22
1.22
1.22
1.22
1.22
1.22
1.22
1.22
1.22
1.22
1.22
1.22
1.22
1.22
1.22
1.22
1.22
1.22
1.21
1.22
1.22
1.22
1.22
1.22
1.22
1.22
1.22
1.22
1.22
1.22
1.22
1.22
1.22
1.22
1.22
1.22
1.22
1.22
1.23
1.22
1.22
1.22
1.22
1.23
1.22
1.22
1.23
1.22
1.22
1.22
1.22
1.22
1.22
1.21
1.22
1.22
1.22
1.22
1.22
1.21
1.22
1.22
1.22
1.22
1.22
1.22
1.22
1.22
1.22
1.21
1.22
1.22
1.22
1.21
1.21
1.21
1.22
1.21
1.21
1.22
1.22
1.22
1.22
1.21
1.22
1.22
1.22
1.21
1.21
1.21
1.22
1.21
1.22
1.22
1.22
1.22
1.21
1.22
1.22
1.22
1.21
1.22
1.21
1.22
1.21
1.22
1.21
1.22
1.22
1.22
1.22
1.22
1.21
1.22
1.22
1.22
1.22
1.22
1.22
1.22
1.22
1.21
1.22
1.22
1.22
1.21
1.21
1.21
1.21
1.21
